0.0029647350311279297
0.0023369789123535156
0.0021152496337890625
0.002371549606323242
0.002114534378051758
0.0023915767669677734
0.0024175643920898438
0.002421855926513672
0.0024700164794921875
0.002345561981201172
0.00232696533203125
0.0025420188903808594
0.0023910999298095703
0.0023813247680664062
0.002448558807373047
0.0023162364959716797
0.002240419387817383
0.0022554397583007812
0.0024623870849609375
0.002190828323364258
0.0024514198303222656
0.0023822784423828125
0.0022704601287841797
0.0023412704467773438
0.0024042129516601562
0.0023996829986572266
0.0023031234741210938
0.0022962093353271484
0.00231170654296875
0.002466440200805664
0.002347707748413086
0.002321004867553711
0.0025064945220947266
0.002354860305786133
0.0023851394653320312
0.0023431777954101562
0.0022716522216796875
0.002252817153930664
0.0022809505462646484
0.002294778823852539
0.0022475719451904297
0.0023713111877441406
0.0023386478424072266
0.0023393630981445312
0.0023331642150878906
0.002343893051147461
0.0024793148040771484
0.0025076866149902344
0.0021424293518066406
0.0023458003997802734
0.002298116683959961
0.0023221969604492188
0.0023717880249023438
0.0023686885833740234
0.0023355484008789062
0.0022346973419189453
0.002293825149536133
0.002309083938598633
0.0024580955505371094
0.0023229122161865234
0.0023653507232666016
0.0025441646575927734
0.002366781234741211
0.0023360252380371094
0.002573251724243164
0.0023343563079833984
0.0024755001068115234
0.002488851547241211
0.0026183128356933594
0.0029435157775878906
0.0025703907012939453
0.006089925765991211
0.0035355091094970703
0.0026464462280273438
0.0026335716247558594
0.0024344921112060547
0.0024039745330810547
0.0025131702423095703
0.0025162696838378906
0.002652406692504883
0.0023436546325683594
0.002445697784423828
0.0023872852325439453
0.0025005340576171875
0.0022428035736083984
0.002459287643432617
0.0024209022521972656
0.0023355484008789062
0.0025207996368408203
0.00238800048828125
0.0023131370544433594
0.0024673938751220703
0.0023229122161865234
0.002358675003051758
0.0023279190063476562
0.0023734569549560547
0.0025250911712646484
0.0023097991943359375
0.0024955272674560547
0.002402782440185547
0.002371072769165039
0.0024116039276123047
0.002487659454345703
0.002343893051147461
0.0024063587188720703
0.0023298263549804688
0.0024950504302978516
0.0023114681243896484
0.0022695064544677734
0.002352476119995117
0.0024275779724121094
0.0023484230041503906
0.0023720264434814453
0.0024344921112060547
0.00235748291015625
0.002421855926513672
0.002573728561401367
0.002305746078491211
0.0022306442260742188
0.0023963451385498047
0.0024156570434570312
0.0023345947265625
0.00234222412109375
0.002534151077270508
0.0026743412017822266
0.0022673606872558594
0.0023794174194335938
0.002327442169189453
0.002325296401977539
0.0023343563079833984
0.0022535324096679688
0.002282381057739258
0.0022878646850585938
0.002365589141845703
0.002321481704711914
0.00225830078125
0.0028998851776123047
0.002559185028076172
0.0022618770599365234
0.0023136138916015625
0.0024983882904052734
0.0023353099822998047
0.002241373062133789
0.0026683807373046875
0.002203226089477539
0.0023262500762939453
0.002313375473022461
0.002285003662109375
0.002351045608520508
0.0022759437561035156
0.0023496150970458984
0.002337217330932617
0.002245664596557617
0.002343893051147461
0.0022804737091064453
0.0023136138916015625
0.0023207664489746094
0.002460479736328125
0.002378225326538086
0.0024819374084472656
0.0024497509002685547
0.002248048782348633
0.002374887466430664
0.0041675567626953125
0.003239154815673828
0.0028367042541503906
0.0029158592224121094
0.0025544166564941406
0.002621889114379883
0.002618074417114258
0.002542257308959961
0.0020952224731445312
0.002176523208618164
0.002010345458984375
0.002055644989013672
0.0021524429321289062
0.0021758079528808594
0.0021059513092041016
0.0025670528411865234
0.0024471282958984375
0.002362489700317383
0.0023279190063476562
0.0024809837341308594
0.0023953914642333984
0.002564668655395508
0.0022852420806884766
0.0022737979888916016
0.0021889209747314453
0.0022788047790527344
0.002409219741821289
0.0022988319396972656
0.0023317337036132812
0.002210378646850586
0.0023343563079833984
0.0024085044860839844
0.002361297607421875
0.00262451171875
0.0022559165954589844
0.002247333526611328
0.0024247169494628906
0.0023505687713623047
0.002237081527709961
0.002283811569213867
0.0023527145385742188
0.002303600311279297
0.002263307571411133
0.00232696533203125
0.0022902488708496094
0.0023496150970458984
0.0022857189178466797
0.002270221710205078
0.002278566360473633
0.0023131370544433594
0.002628803253173828
0.0023839473724365234
0.0026183128356933594
0.0024900436401367188
0.002276897430419922
0.0025565624237060547
0.002268552780151367
0.002534151077270508
0.002559185028076172
0.0023488998413085938
0.002530813217163086
0.0024194717407226562
0.002458810806274414
0.004147768020629883
0.002549409866333008
0.0025186538696289062
0.0025086402893066406
0.0025022029876708984
0.0026018619537353516
0.0026302337646484375
0.002485036849975586
0.0023651123046875
0.002468109130859375
0.0023136138916015625
0.0024175643920898438
0.0023317337036132812
0.0023305416107177734
0.0024852752685546875
0.002295255661010742
0.0023839473724365234
0.002193450927734375
0.002454042434692383
0.0023555755615234375
0.00229644775390625
0.002277851104736328
0.0023927688598632812
0.0023589134216308594
0.002418041229248047
0.0023665428161621094
0.0024509429931640625
0.0022559165954589844
0.002292633056640625
0.002489328384399414
0.002264738082885742
0.002354860305786133
0.0021576881408691406
0.0027103424072265625
0.004613161087036133
0.002932310104370117
0.002420663833618164
0.0024399757385253906
0.002454519271850586
0.002491474151611328
0.00264739990234375
0.0023131370544433594
0.0023682117462158203
0.002249002456665039
0.002290964126586914
0.00243377685546875
0.002341747283935547
0.002347230911254883
0.0025157928466796875
0.002366304397583008
0.0024902820587158203
0.002292156219482422
0.0023152828216552734
0.0022602081298828125
0.002310037612915039
0.0025854110717773438
0.002256631851196289
0.002324342727661133
0.0023031234741210938
0.002251148223876953
0.0022695064544677734
0.002279996871948242
0.0022933483123779297
0.002286195755004883
0.002392292022705078
0.0022013187408447266
0.002249002456665039
0.0023474693298339844
0.002264738082885742
0.002896547317504883
0.002634763717651367
0.002513408660888672
0.002568960189819336
0.002711057662963867
0.002485513687133789
0.0025942325592041016
0.002562284469604492
0.0024633407592773438
0.002469778060913086
0.0023262500762939453
0.002338886260986328
0.0023794174194335938
0.0025997161865234375
0.0025949478149414062
0.0023567676544189453
0.002313852310180664
0.003022909164428711
0.002460479736328125
0.002540111541748047
0.0024132728576660156
0.002547740936279297
0.002361774444580078
0.0023872852325439453
0.002350330352783203
0.0025348663330078125
0.002496004104614258
0.0026595592498779297
0.0023877620697021484
0.0024635791778564453
0.0025458335876464844
0.002384185791015625
0.002563953399658203
0.0025110244750976562
0.002397298812866211
0.0024857521057128906
0.0023064613342285156
0.0026586055755615234
0.0024993419647216797
0.002345561981201172
0.002318859100341797
0.002415180206298828
0.0022673606872558594
0.003310680389404297
0.002271413803100586
0.0026175975799560547
0.0033102035522460938
0.002650022506713867
0.0021622180938720703
0.0025186538696289062
0.0025758743286132812
0.0026564598083496094
0.002529621124267578
0.002400636672973633
0.0025048255920410156
0.0025510787963867188
0.0023622512817382812
0.002803325653076172
0.0025434494018554688
0.002391815185546875
0.0026063919067382812
0.0025856494903564453
0.002146005630493164
0.0026230812072753906
0.002418041229248047
0.0025081634521484375
0.0024683475494384766
0.002552032470703125
0.002501249313354492
0.002321004867553711
0.0023949146270751953
0.0024330615997314453
0.002475738525390625
0.0024759769439697266
0.0025072097778320312
0.0024802684783935547
0.002517223358154297
0.002362966537475586
0.0025980472564697266
0.0025153160095214844
0.0024225711822509766
0.0023941993713378906
0.0023717880249023438
0.0026221275329589844
0.0023772716522216797
0.002444744110107422
0.002382516860961914
0.0027980804443359375
0.002633333206176758
0.0024678707122802734
0.002362489700317383
0.0025000572204589844
0.0026509761810302734
0.002367258071899414
0.0025606155395507812
0.002433300018310547
0.0024738311767578125
0.00299072265625
0.0028142929077148438
0.002521991729736328
0.0024917125701904297
0.0024716854095458984
0.002514362335205078
0.002375364303588867
0.0024361610412597656
0.0023734569549560547
0.0024459362030029297
0.002546548843383789
0.0022993087768554688
0.0023665428161621094
0.002473115921020508
0.0023050308227539062
0.0023360252380371094
0.002782583236694336
0.002601146697998047
0.002385854721069336
0.00262451171875
0.003385305404663086
0.0024967193603515625
0.002424955368041992
0.002366304397583008
0.002561807632446289
0.0023326873779296875
0.002379179000854492
0.002382993698120117
0.0021975040435791016
0.002446889877319336
0.0025196075439453125
0.002393007278442383
0.002474546432495117
0.002213716506958008
0.002330303192138672
0.0023658275604248047
0.002368450164794922
0.0025777816772460938
0.0022478103637695312
0.0023622512817382812
0.0024225711822509766
0.002402782440185547
0.0023703575134277344
0.002334117889404297
0.002396821975708008
0.002446413040161133
0.0023245811462402344
0.0023734569549560547
0.002259969711303711
0.002385854721069336
0.0023033618927001953
0.0025146007537841797
0.0023965835571289062
0.0023136138916015625
0.002373218536376953
0.0024116039276123047
0.002331972122192383
0.002398252487182617
0.003272533416748047
0.0022153854370117188
0.0024690628051757812
0.002415180206298828
0.0025305747985839844
0.0022652149200439453
0.002292156219482422
0.0023162364959716797
0.0026361942291259766
0.0026357173919677734
0.002257823944091797
0.0023794174194335938
0.002310514450073242
0.002438068389892578
0.0025053024291992188
0.0023336410522460938
0.002227783203125
0.0024471282958984375
0.0023965835571289062
0.0024003982543945312
0.002355337142944336
0.0024518966674804688
0.0024445056915283203
0.0023000240325927734
0.002438068389892578
0.002596616744995117
0.002363920211791992
0.002599954605102539
0.002383708953857422
0.002368450164794922
0.002227783203125
0.002305269241333008
0.0025110244750976562
0.002297639846801758
0.0024268627166748047
0.002393484115600586
0.0022814273834228516
0.0022590160369873047
0.002315998077392578
0.0022597312927246094
0.002318143844604492
0.002404451370239258
0.002665281295776367
0.0025517940521240234
0.0034172534942626953
0.004609346389770508
0.0032057762145996094
0.0028908252716064453
0.0024366378784179688
0.002899646759033203
0.002844572067260742
0.00247955322265625
0.002437591552734375
0.0027091503143310547
0.0023174285888671875
0.00249481201171875
0.0027544498443603516
0.0024302005767822266
0.002508401870727539
0.002373218536376953
0.0024018287658691406
0.0025932788848876953
0.0022356510162353516
0.003342866897583008
0.002661466598510742
0.002331256866455078
0.0024373531341552734
0.002482891082763672
0.0022695064544677734
0.0026221275329589844
0.0024781227111816406
0.002436399459838867
0.002229928970336914
0.0025091171264648438
0.0023131370544433594
0.0022237300872802734
0.002716541290283203
0.00247955322265625
0.00232696533203125
0.002466440200805664
0.0023064613342285156
0.0022919178009033203
0.0020651817321777344
0.002541065216064453
0.0026769638061523438
0.0023450851440429688
0.0024390220642089844
0.002554655075073242
0.0024766921997070312
0.006081581115722656
0.0024633407592773438
0.002349376678466797
0.0024406909942626953
0.003123760223388672
0.002562284469604492
0.002513885498046875
0.002369403839111328
0.0026988983154296875
0.0024738311767578125
0.0024671554565429688
0.002551555633544922
0.0025823116302490234
0.002740144729614258
0.0026743412017822266
0.0023651123046875
0.002835988998413086
0.002568960189819336
0.0023241043090820312
0.0024886131286621094
0.0029129981994628906
0.0025010108947753906
0.002548694610595703
0.0023834705352783203
0.002367258071899414
0.0025589466094970703
0.003541231155395508
0.0027785301208496094
0.0024619102478027344
0.0024178028106689453
0.0022041797637939453
0.00231170654296875
0.002676248550415039
0.0027430057525634766
0.002521514892578125
0.002419710159301758
0.0024912357330322266
0.0024843215942382812
0.0026063919067382812
0.002513408660888672
0.0024514198303222656
0.002406597137451172
0.0024526119232177734
0.002303600311279297
0.0023353099822998047
0.0028231143951416016
0.0022835731506347656
0.002392292022705078
0.002322673797607422
0.0023946762084960938
0.0023283958435058594
0.002265453338623047
0.002500295639038086
0.0022420883178710938
0.0023784637451171875
0.002221822738647461
0.0023605823516845703
0.0023491382598876953
0.0023605823516845703
0.002585172653198242
0.0022144317626953125
0.0022516250610351562
0.0022089481353759766
0.0023567676544189453
0.0024089813232421875
0.0021872520446777344
0.002470254898071289
0.002276182174682617
0.002263784408569336
0.0030853748321533203
0.002411365509033203
0.0025420188903808594
0.002513885498046875
0.0023767948150634766
0.0026912689208984375
0.002619504928588867
0.0034265518188476562
0.002674579620361328
0.002797842025756836
0.0026383399963378906
0.002733469009399414
0.0026199817657470703
0.002535581588745117
0.0025343894958496094
0.002557992935180664
0.0023322105407714844
0.002525806427001953
0.003023862838745117
0.002415180206298828
0.002530813217163086
0.0025129318237304688
0.0024080276489257812
0.0024785995483398438
0.0026307106018066406
0.002353191375732422
0.0024404525756835938
0.0024809837341308594
0.0024111270904541016
0.0022859573364257812
0.0024559497833251953
0.0028536319732666016
0.002330303192138672
0.002561330795288086
0.0026192665100097656
0.002246379852294922
0.002426624298095703
0.0028793811798095703
0.002357006072998047
0.002606630325317383
0.002499103546142578
0.002466917037963867
0.0022516250610351562
0.0026521682739257812
0.0029053688049316406
0.0024259090423583984
0.0023610591888427734
0.002593994140625
0.002377033233642578
0.0023980140686035156
0.0022602081298828125
0.0024373531341552734
0.002527952194213867
0.002393007278442383
0.0024230480194091797
0.002264738082885742
0.002426624298095703
0.0026056766510009766
0.002571582794189453
0.002537250518798828
0.002413034439086914
0.0024633407592773438
0.002444744110107422
0.00229644775390625
0.0022280216217041016
0.002319812774658203
0.0026388168334960938
0.0023632049560546875
0.002658367156982422
0.003136873245239258
0.00283050537109375
0.0028204917907714844
0.0026831626892089844
0.0025827884674072266
0.002550363540649414
0.0022814273834228516
0.002329111099243164
0.0023109912872314453
0.002621173858642578
0.002269744873046875
0.0023603439331054688
0.0024504661560058594
0.0022296905517578125
0.002496004104614258
0.002590179443359375
0.0023610591888427734
0.0024683475494384766
0.0026443004608154297
0.002309560775756836
0.0025839805603027344
0.0024271011352539062
0.0027446746826171875
0.002630472183227539
0.0025434494018554688
0.002568483352661133
0.002403736114501953
0.0024204254150390625
0.0028486251831054688
0.0024514198303222656
0.0024237632751464844
0.005498409271240234
0.002637624740600586
0.0025725364685058594
0.002424478530883789
0.0024700164794921875
0.0025103092193603516
0.0024595260620117188
0.002311229705810547
0.002382993698120117
0.0024390220642089844
0.0027992725372314453
0.040174007415771484
0.0029811859130859375
0.00888371467590332
0.0027608871459960938
0.0026488304138183594
0.0026845932006835938
0.0029256343841552734
0.002399444580078125
0.0024383068084716797
0.0023851394653320312
0.002364635467529297
0.002410411834716797
0.0023093223571777344
0.0025069713592529297
0.0023598670959472656
0.002587556838989258
0.002582550048828125
0.002346515655517578
0.002431154251098633
0.0023338794708251953
0.002242565155029297
0.0023903846740722656
0.0023336410522460938
0.0023946762084960938
0.002279043197631836
0.0023458003997802734
0.002490997314453125
0.002614259719848633
0.0024237632751464844
0.0023751258850097656
0.0023751258850097656
0.0023040771484375
0.002332925796508789
0.0023527145385742188
0.0023720264434814453
0.0024945735931396484
0.002339601516723633
0.0023250579833984375
0.0023889541625976562
0.0022318363189697266
0.0023114681243896484
0.002351045608520508
0.0023686885833740234
0.0023283958435058594
0.0025153160095214844
0.0025529861450195312
0.0025336742401123047
0.0024099349975585938
0.0024933815002441406
0.002334117889404297
0.002550840377807617
0.00247955322265625
0.002297639846801758
0.002423524856567383
0.0023431777954101562
0.002457141876220703
0.0023763179779052734
0.002301931381225586
0.0025691986083984375
0.0023505687713623047
0.0022890567779541016
0.00229644775390625
0.0023941993713378906
0.002286195755004883
0.002304553985595703
0.002289295196533203
0.0022516250610351562
0.003618001937866211
0.0026082992553710938
0.0023832321166992188
0.002520322799682617
0.002489328384399414
0.002615690231323242
0.0022530555725097656
0.0025980472564697266
0.0023453235626220703
0.0023975372314453125
0.0022573471069335938
0.002802133560180664
0.002508878707885742
0.0022377967834472656
0.0025043487548828125
0.002550363540649414
0.0023453235626220703
0.0023546218872070312
0.0023643970489501953
0.0023186206817626953
0.002512216567993164
0.002502918243408203
0.0023000240325927734
0.0023598670959472656
0.0026514530181884766
0.002617359161376953
0.002513885498046875
0.002817869186401367
0.0026988983154296875
0.0027811527252197266
0.0024089813232421875
0.002508401870727539
0.0024161338806152344
0.0024309158325195312
0.002315521240234375
0.0024216175079345703
0.0026738643646240234
0.002389669418334961
0.0024607181549072266
0.002409219741821289
0.002410411834716797
0.002568483352661133
0.0026853084564208984
0.002418994903564453
0.002766132354736328
0.0024247169494628906
0.0023148059844970703
0.0023131370544433594
0.002227783203125
0.002228260040283203
0.0026030540466308594
0.002464771270751953
0.002347707748413086
0.002415180206298828
0.002304553985595703
0.0025124549865722656
0.002511739730834961
0.0022873878479003906
0.0022804737091064453
0.002413511276245117
0.0024025440216064453
0.002330303192138672
0.0025637149810791016
0.0024106502532958984
0.002442598342895508
0.002306699752807617
0.0023996829986572266
0.0025141239166259766
0.0022504329681396484
0.0028815269470214844
0.002691507339477539
0.0023031234741210938
0.0022733211517333984
0.0024967193603515625
0.0023717880249023438
0.0023763179779052734
0.0024034976959228516
0.0027284622192382812
0.002759695053100586
0.0028502941131591797
0.0023734569549560547
0.002354860305786133
0.004130125045776367
0.0027878284454345703
0.0024716854095458984
0.002431154251098633
0.0025103092193603516
0.0024993419647216797
0.0027544498443603516
0.0027108192443847656
0.0026068687438964844
0.0026209354400634766
0.002986431121826172
0.0025560855865478516
0.0026340484619140625
0.002787351608276367
0.002571582794189453
0.0024504661560058594
0.0024912357330322266
0.0024209022521972656
0.0023441314697265625
0.0025250911712646484
0.0023736953735351562
0.002689838409423828
0.0024619102478027344
0.0023088455200195312
0.0023775100708007812
0.0025339126586914062
0.002988100051879883
0.002553701400756836
0.002412557601928711
0.002573251724243164
0.0032036304473876953
0.0023293495178222656
0.0025124549865722656
0.0034952163696289062
0.0028390884399414062
0.0025129318237304688
0.002671480178833008
0.0028085708618164062
0.00269317626953125
0.002373218536376953
0.002462148666381836
0.0023469924926757812
0.0025370121002197266
0.0023162364959716797
0.002484560012817383
0.002620220184326172
0.0024962425231933594
0.002539396286010742
0.0026073455810546875
0.0023446083068847656
0.002428293228149414
0.0025713443756103516
0.002685070037841797
0.002599000930786133
0.002346038818359375
0.002405405044555664
0.002342700958251953
0.00258636474609375
0.002758502960205078
0.0024356842041015625
0.0024573802947998047
0.0026252269744873047
0.002343893051147461
0.002295970916748047
0.0023565292358398438
0.002492666244506836
0.002363443374633789
0.002281665802001953
0.002361774444580078
0.0024085044860839844
0.0023565292358398438
0.0023763179779052734
0.0023398399353027344
0.002439737319946289
0.0024247169494628906
0.002486705780029297
0.0023577213287353516
0.002363920211791992
0.0024373531341552734
0.0024406909942626953
0.002257108688354492
0.0026743412017822266
0.002464771270751953
0.002383708953857422
0.002375364303588867
0.0024487972259521484
0.002851247787475586
0.002730131149291992
0.0025305747985839844
0.0024514198303222656
0.002390623092651367
0.0025064945220947266
0.002773284912109375
0.00243377685546875
0.0023925304412841797
0.002371072769165039
0.002269744873046875
0.002280712127685547
0.002448558807373047
0.002546548843383789
0.0024962425231933594
0.0024008750915527344
0.002426624298095703
0.002290487289428711
0.002287149429321289
0.0023508071899414062
0.0025343894958496094
0.0024912357330322266
0.002341032028198242
0.0024847984313964844
0.002379894256591797
0.002335071563720703
0.0024917125701904297
0.002273082733154297
0.0024802684783935547
0.0023779869079589844
0.002447843551635742
0.0024123191833496094
0.002227783203125
0.002393007278442383
0.0027685165405273438
0.002504110336303711
0.0024666786193847656
0.0023970603942871094
0.0023305416107177734
0.0024437904357910156
0.0022652149200439453
0.0024149417877197266
0.00254058837890625
0.0028924942016601562
0.002785205841064453
0.002506256103515625
0.0024497509002685547
0.0026607513427734375
0.0028095245361328125
0.0024335384368896484
0.002733469009399414
0.002344846725463867
0.0024650096893310547
0.0025610923767089844
0.0026280879974365234
0.0025055408477783203
0.0042095184326171875
0.0025420188903808594
0.002822399139404297
0.002496957778930664
0.0032660961151123047
0.00257110595703125
0.0025959014892578125
0.0026073455810546875
0.002529621124267578
0.002610445022583008
0.002946615219116211
0.0024275779724121094
0.0024003982543945312
0.002590179443359375
0.002198934555053711
0.0024831295013427734
0.0024368762969970703
0.0026504993438720703
0.0023605823516845703
0.0024166107177734375
0.002390623092651367
0.002209901809692383
0.0023484230041503906
0.002521991729736328
0.002588987350463867
0.0026242733001708984
0.0025038719177246094
0.002359628677368164
0.0023326873779296875
0.0023651123046875
0.002635478973388672
0.0024712085723876953
0.002274751663208008
0.0025033950805664062
0.002263307571411133
0.002331256866455078
0.002330780029296875
0.0025811195373535156
0.0026726722717285156
0.002481698989868164
0.002451658248901367
0.0025284290313720703
0.002361774444580078
0.002886533737182617
0.002702951431274414
0.0023386478424072266
0.0025169849395751953
0.0024309158325195312
0.002335786819458008
0.0024614334106445312
0.002224445343017578
0.0025899410247802734
0.002429485321044922
0.0023698806762695312
0.002370595932006836
0.0022249221801757812
0.0026748180389404297
0.0026607513427734375
0.0023870468139648438
0.0023810863494873047
0.002440214157104492
0.0023496150970458984
0.0023920536041259766
0.002239227294921875
0.002362489700317383
0.0024368762969970703
0.0026361942291259766
0.002530813217163086
0.0026426315307617188
0.002434253692626953
0.003020763397216797
0.0026726722717285156
0.0025815963745117188
0.002586841583251953
0.0024209022521972656
0.0025839805603027344
0.0023910999298095703
0.002408742904663086
0.0024268627166748047
0.002427816390991211
0.0023221969604492188
0.0022687911987304688
0.002153635025024414
0.0024018287658691406
0.0022368431091308594
0.0023610591888427734
0.0023682117462158203
0.002326488494873047
0.0024216175079345703
0.0023195743560791016
0.002322673797607422
0.002284526824951172
0.002362489700317383
0.0023419857025146484
0.002389192581176758
0.0023162364959716797
0.002279996871948242
0.0024514198303222656
0.0022945404052734375
0.0024216175079345703
0.002415895462036133
0.002226591110229492
0.0023183822631835938
0.0022902488708496094
0.002352476119995117
0.002267122268676758
0.002384662628173828
0.002388477325439453
0.0026025772094726562
0.00238800048828125
0.00328826904296875
0.002379179000854492
0.002916574478149414
0.0031371116638183594
0.0026612281799316406
0.002541065216064453
0.002606630325317383
0.002585172653198242
0.0027840137481689453
0.002452850341796875
0.002348184585571289
0.002463817596435547
0.0023317337036132812
0.002298116683959961
0.0023832321166992188
0.0023975372314453125
0.0025658607482910156
0.002482891082763672
0.0024423599243164062
0.002359151840209961
0.002277851104736328
0.0024018287658691406
0.002732515335083008
0.0023605823516845703
0.002559185028076172
0.0023741722106933594
0.002340555191040039
0.0025751590728759766
0.0025360584259033203
0.0025873184204101562
0.0023872852325439453
0.002346038818359375
0.0023565292358398438
0.002311229705810547
0.002259492874145508
0.0022745132446289062
0.0026972293853759766
0.002424001693725586
0.002409696578979492
0.00241851806640625
0.0026137828826904297
0.002431154251098633
0.002790689468383789
0.0023233890533447266
0.002330780029296875
0.0024118423461914062
0.0022726058959960938
0.0023801326751708984
0.002349376678466797
0.002355813980102539
0.002763986587524414
0.002346515655517578
0.002440214157104492
0.003907442092895508
0.0033528804779052734
0.0026307106018066406
0.002389669418334961
0.002500295639038086
0.002550840377807617
0.002446889877319336
0.0023572444915771484
0.0023865699768066406
0.002765178680419922
0.0022745132446289062
0.002433300018310547
0.0023169517517089844
0.0023927688598632812
0.0024886131286621094
0.0027310848236083984
0.002452850341796875
0.0025594234466552734
0.0023224353790283203
0.0023279190063476562
0.002299785614013672
0.002325773239135742
0.002298116683959961
0.002457857131958008
0.002374410629272461
0.0023560523986816406
0.0024967193603515625
0.0024366378784179688
0.0024080276489257812
0.0026502609252929688
0.002386808395385742
0.0024802684783935547
0.0024895668029785156
0.0023484230041503906
0.0024170875549316406
0.002330303192138672
0.0025238990783691406
0.0026695728302001953
0.0023818016052246094
0.0023927688598632812
0.0023500919342041016
0.0022573471069335938
0.0026013851165771484
0.0026807785034179688
0.002377033233642578
0.002308368682861328
0.0023643970489501953
0.0024728775024414062
0.002315044403076172
0.002320528030395508
0.002519369125366211
0.0023565292358398438
0.0025055408477783203
0.0023827552795410156
0.0022852420806884766
0.002302408218383789
0.002389669418334961
0.0029866695404052734
0.002389669418334961
0.002763032913208008
0.002838611602783203
0.0032317638397216797
0.005084991455078125
0.004571676254272461
0.005461454391479492
0.00541996955871582
0.005254030227661133
0.004218578338623047
0.005307197570800781
0.0056362152099609375
0.004834651947021484
0.0046694278717041016
0.004778385162353516
0.004914283752441406
0.0033850669860839844
0.0036072731018066406
0.003727436065673828
0.004523038864135742
0.003440380096435547
0.0033190250396728516
0.004332304000854492
0.003351449966430664
0.00436711311340332
0.0033953189849853516
0.003261089324951172
0.0024955272674560547
0.002940654754638672
0.0029573440551757812
0.0026960372924804688
0.0037131309509277344
0.0053827762603759766
0.004669904708862305
0.002972841262817383
0.0025780200958251953
0.002765178680419922
0.003428936004638672
0.002739429473876953
0.0024852752685546875
0.002521991729736328
0.0026013851165771484
0.004644155502319336
0.0022993087768554688
0.002010822296142578
0.002462148666381836
0.0021114349365234375
0.0022497177124023438
0.0020699501037597656
0.0026407241821289062
0.0025033950805664062
0.0022847652435302734
0.0023505687713623047
0.00231170654296875
0.0023331642150878906
0.0022339820861816406
0.002560138702392578
0.002493143081665039
0.0023376941680908203
0.0023081302642822266
0.002471446990966797
0.0023190975189208984
0.002285003662109375
0.0023131370544433594
0.002357959747314453
0.0024743080139160156
0.0024657249450683594
0.002504587173461914
0.0023844242095947266
0.0023305416107177734
0.002238750457763672
0.0023813247680664062
0.0025522708892822266
0.002362966537475586
0.002505779266357422
0.0022916793823242188
0.0022974014282226562
0.0023779869079589844
0.002803802490234375
0.0024611949920654297
0.0022907257080078125
0.0023207664489746094
0.0023193359375
0.002547740936279297
0.0024971961975097656
0.0025565624237060547
0.0022878646850585938
0.0024154186248779297
0.002306222915649414
0.0023953914642333984
0.0024900436401367188
0.0023424625396728516
0.0025551319122314453
0.002508401870727539
0.0024755001068115234
0.002443552017211914
0.0022194385528564453
0.0025589466094970703
0.0023543834686279297
0.0025730133056640625
0.0025129318237304688
0.0025327205657958984
0.002321481704711914
0.0025212764739990234
0.0023937225341796875
0.0025892257690429688
0.0022487640380859375
0.002325296401977539
0.0024175643920898438
0.0023374557495117188
0.0025451183319091797
0.002493619918823242
0.0028600692749023438
0.0028612613677978516
0.0025796890258789062
0.0028917789459228516
0.002491474151611328
0.002499818801879883
0.0028336048126220703
0.002560138702392578
0.002455472946166992
0.0023844242095947266
0.002593994140625
0.002459287643432617
0.0026879310607910156
0.0027730464935302734
0.002449512481689453
0.002535104751586914
0.002453327178955078
0.002492666244506836
0.002722024917602539
0.002621173858642578
0.002384662628173828
0.002401113510131836
0.0024394989013671875
0.002382040023803711
0.0023217201232910156
0.0023565292358398438
0.002515554428100586
0.002612590789794922
0.0023512840270996094
0.0023157596588134766
0.0023431777954101562
0.0035305023193359375
0.002744913101196289
0.002461671829223633
0.002468109130859375
0.0030052661895751953
0.002718687057495117
0.002561330795288086
0.002820730209350586
0.0026786327362060547
0.002542734146118164
0.002631664276123047
0.002342700958251953
0.0024750232696533203
0.002395153045654297
0.002310037612915039
0.0029418468475341797
0.002461671829223633
0.0024843215942382812
0.0024950504302978516
0.0023453235626220703
0.002804994583129883
0.0028009414672851562
0.0023703575134277344
0.002513885498046875
0.002418994903564453
0.002319812774658203
0.0024628639221191406
0.0022804737091064453
0.002650737762451172
0.0023224353790283203
0.002471923828125
0.002378702163696289
0.0022575855255126953
0.0022742748260498047
0.0027573108673095703
0.002768278121948242
0.00228118896484375
0.0024476051330566406
0.0023729801177978516
0.002233266830444336
0.002476930618286133
0.0026581287384033203
0.0023245811462402344
0.002368927001953125
0.002440214157104492
0.0024993419647216797
0.0023345947265625
0.0022835731506347656
0.0024330615997314453
0.002511739730834961
0.002341747283935547
0.0024733543395996094
0.002328157424926758
0.002446889877319336
0.002691984176635742
0.00287628173828125
0.0025670528411865234
0.0026998519897460938
0.0024378299713134766
0.0024347305297851562
0.002636432647705078
0.002432107925415039
0.0028111934661865234
0.002454519271850586
0.0023851394653320312
0.0023910999298095703
0.0022554397583007812
0.0028378963470458984
0.0028378963470458984
0.0024566650390625
0.0023632049560546875
0.0024192333221435547
0.002297639846801758
0.0024945735931396484
0.0024442672729492188
0.002519369125366211
0.002469301223754883
0.002251863479614258
0.002403736114501953
0.0024347305297851562
0.0024361610412597656
0.0022668838500976562
0.002302408218383789
0.0024826526641845703
0.0024411678314208984
0.0026252269744873047
0.0024330615997314453
0.002225637435913086
0.002474546432495117
0.002466440200805664
0.0022907257080078125
0.002454519271850586
0.002378702163696289
0.0025527477264404297
0.0024144649505615234
0.0024251937866210938
0.002481698989868164
0.0022635459899902344
0.0025014877319335938
0.00231170654296875
0.0023336410522460938
0.0025336742401123047
0.0021529197692871094
0.0026521682739257812
0.0023152828216552734
0.002431154251098633
0.0025796890258789062
0.0022537708282470703
0.002384185791015625
0.002694368362426758
0.002279996871948242
0.002431631088256836
0.002373933792114258
0.002370119094848633
0.002322673797607422
0.0025284290313720703
0.0026369094848632812
0.002464771270751953
0.0023419857025146484
0.0024645328521728516
0.0022890567779541016
0.002530336380004883
0.002401113510131836
0.0026471614837646484
0.0023963451385498047
0.0023822784423828125
0.0023567676544189453
0.0022864341735839844
0.002565145492553711
0.002903461456298828
0.0027213096618652344
0.0025510787963867188
0.0024747848510742188
0.0023479461669921875
0.0023925304412841797
0.0024213790893554688
0.0023984909057617188
0.0032770633697509766
0.00257110595703125
0.0023040771484375
0.0023641586303710938
0.0026285648345947266
0.0024039745330810547
0.002594470977783203
0.0024123191833496094
0.0024428367614746094
0.002290010452270508
0.0024385452270507812
0.0024149417877197266
0.0023796558380126953
0.002541065216064453
0.0026483535766601562
0.0024650096893310547
0.0024743080139160156
0.002577543258666992
0.002549886703491211
0.002951383590698242
0.0024590492248535156
0.002439260482788086
0.0023376941680908203
0.0023958683013916016
0.0023386478424072266
0.0022897720336914062
0.002557992935180664
0.002424001693725586
0.002309083938598633
0.0024988651275634766
0.0025315284729003906
0.002379894256591797
0.002552509307861328
0.002337217330932617
0.002349376678466797
0.0024383068084716797
0.0023453235626220703
0.002594470977783203
0.00243377685546875
0.0023539066314697266
0.0029020309448242188
0.002441883087158203
0.0024716854095458984
0.0025582313537597656
0.0026159286499023438
0.0030565261840820312
0.0031015872955322266
0.0025014877319335938
0.002431154251098633
0.0031783580780029297
0.002446413040161133
0.002433300018310547
0.0034456253051757812
0.002675294876098633
0.002410411834716797
0.0028121471405029297
0.002501964569091797
0.0024938583374023438
0.0028150081634521484
0.0023603439331054688
0.002599954605102539
0.002522706985473633
0.00244903564453125
0.002483844757080078
0.0029871463775634766
0.0024633407592773438
0.0024738311767578125
0.002514362335205078
0.002424478530883789
0.002379894256591797
0.0024602413177490234
0.00267791748046875
0.0023832321166992188
0.002451658248901367
0.0023670196533203125
0.0023431777954101562
0.002323150634765625
0.0025250911712646484
0.002523183822631836
0.0023534297943115234
0.002352476119995117
0.002441883087158203
0.0023651123046875
0.002279043197631836
0.0025658607482910156
0.0025141239166259766
0.0024394989013671875
0.0024957656860351562
0.002257823944091797
0.0023221969604492188
0.0023415088653564453
0.0024607181549072266
0.0026323795318603516
0.0023088455200195312
0.002399444580078125
0.002371549606323242
0.002329111099243164
0.002374887466430664
0.0023376941680908203
0.0026934146881103516
0.0024499893188476562
0.0024437904357910156
0.002409696578979492
0.002322673797607422
0.002423524856567383
0.0023946762084960938
0.0025908946990966797
0.002586841583251953
0.002325296401977539
0.0024564266204833984
0.00244903564453125
0.002395153045654297
0.0025658607482910156
0.002408742904663086
0.0025110244750976562
0.0024335384368896484
0.002306699752807617
0.002349853515625
0.0022563934326171875
0.002404451370239258
0.003129720687866211
0.0024759769439697266
0.00244903564453125
0.0024721622467041016
0.002515554428100586
0.0025382041931152344
0.002692699432373047
0.002481698989868164
0.002597332000732422
0.0025129318237304688
0.0022614002227783203
0.002299785614013672
0.002331256866455078
0.002416849136352539
0.002389192581176758
0.0023899078369140625
0.0024957656860351562
0.002329587936401367
0.0023584365844726562
0.0023169517517089844
0.0025031566619873047
0.002516508102416992
0.002444028854370117
0.002332925796508789
0.002361297607421875
0.0024628639221191406
0.0024156570434570312
0.002288818359375
0.002376556396484375
0.002351522445678711
0.002309560775756836
0.0023832321166992188
0.0022656917572021484
0.0023920536041259766
0.0024309158325195312
0.0024085044860839844
0.0027043819427490234
0.0024030208587646484
0.002440929412841797
0.0022614002227783203
0.002407550811767578
0.002605915069580078
0.0028502941131591797
0.0025589466094970703
0.0025496482849121094
0.0029654502868652344
0.00301361083984375
0.002440929412841797
0.002431154251098633
0.002441883087158203
0.0023026466369628906
0.0023107528686523438
0.002492189407348633
0.0024156570434570312
0.0023651123046875
0.002483844757080078
0.002264261245727539
0.0023241043090820312
0.002287626266479492
0.0023000240325927734
0.002286195755004883
0.0026252269744873047
0.002382040023803711
0.002517223358154297
0.002394437789916992
0.002489328384399414
0.0025293827056884766
0.0025644302368164062
0.002304553985595703
0.002400636672973633
0.0023131370544433594
0.0024051666259765625
0.0024154186248779297
0.0023415088653564453
0.0026903152465820312
0.0023908615112304688
0.0023484230041503906
0.0024607181549072266
0.002335071563720703
0.0023610591888427734
0.002199411392211914
0.002393007278442383
0.002470731735229492
0.0023126602172851562
0.0024192333221435547
0.0024373531341552734
0.0077075958251953125
0.0031142234802246094
0.002380847930908203
0.0023648738861083984
0.0020437240600585938
0.0024683475494384766
0.0026407241821289062
0.002409219741821289
0.002544879913330078
0.002368927001953125
0.002422332763671875
0.002267122268676758
0.002382040023803711
0.0022699832916259766
0.002704143524169922
0.002456188201904297
0.0024352073669433594
0.0024728775024414062
0.002306699752807617
0.002426624298095703
0.0026912689208984375
0.0024847984313964844
0.0023632049560546875
0.00257110595703125
0.0024750232696533203
0.0024290084838867188
0.0025298595428466797
0.0025191307067871094
0.0023665428161621094
0.0023598670959472656
0.0023343563079833984
0.002344369888305664
0.0023431777954101562
0.0027458667755126953
0.0026247501373291016
0.002445220947265625
0.002528667449951172
0.002279043197631836
0.002351999282836914
0.0024611949920654297
0.002329587936401367
0.0025031566619873047
0.002249002456665039
0.0022881031036376953
0.0024695396423339844
0.0022106170654296875
0.002537965774536133
0.0022361278533935547
0.0023314952850341797
0.0022797584533691406
0.0022878646850585938
0.0022852420806884766
0.0021941661834716797
0.002352476119995117
0.0022644996643066406
0.0024161338806152344
0.002582550048828125
0.0023584365844726562
0.0023925304412841797
0.0022411346435546875
0.0023415088653564453
0.002365589141845703
0.002144336700439453
0.002360105514526367
0.002299070358276367
0.0024330615997314453
0.0025625228881835938
0.0024356842041015625
0.002531290054321289
0.002490520477294922
0.002501249313354492
0.002635955810546875
0.0023810863494873047
0.002512216567993164
0.00231170654296875
0.0023157596588134766
0.002499818801879883
0.0022673606872558594
0.002435922622680664
0.002399444580078125
0.0023572444915771484
0.0024881362915039062
0.002402782440185547
0.002324819564819336
0.0022573471069335938
0.002244710922241211
0.0024271011352539062
0.002353668212890625
0.0025320053100585938
0.002296924591064453
0.0023086071014404297
0.0022399425506591797
0.0022165775299072266
0.0023000240325927734
0.0022614002227783203
0.002305269241333008
0.002149343490600586
0.0023794174194335938
0.002271413803100586
0.002265453338623047
0.002277851104736328
0.002269744873046875
0.0023419857025146484
0.0022830963134765625
0.002276182174682617
0.0022351741790771484
0.0023453235626220703
0.002279520034790039
0.002260446548461914
0.0023221969604492188
0.0023050308227539062
0.0023670196533203125
0.0022382736206054688
0.0023941993713378906
0.0023844242095947266
0.0023162364959716797
0.002512693405151367
0.0022687911987304688
0.0023298263549804688
0.002544403076171875
0.0023872852325439453
0.0024394989013671875
0.002353191375732422
0.002428770065307617
0.002466917037963867
0.002454996109008789
0.002362489700317383
0.0023484230041503906
0.0024406909942626953
0.0024285316467285156
0.0024874210357666016
0.0024805068969726562
0.0024559497833251953
0.0022602081298828125
0.0023903846740722656
0.0023446083068847656
0.002428770065307617
0.0025527477264404297
0.002418994903564453
0.0024771690368652344
0.002485036849975586
0.002414703369140625
0.0025479793548583984
0.0022497177124023438
0.006432771682739258
0.005311012268066406
0.002393960952758789
0.0025467872619628906
0.002408266067504883
0.0024449825286865234
0.0023822784423828125
0.0025396347045898438
0.0023789405822753906
0.0023298263549804688
0.002480745315551758
0.0022432804107666016
0.002451658248901367
0.002307891845703125
0.002485513687133789
0.002466440200805664
0.0022246837615966797
0.002337932586669922
0.0024261474609375
0.0023043155670166016
0.0023686885833740234
0.0022094249725341797
0.002307891845703125
0.002279996871948242
0.002315521240234375
0.0023560523986816406
0.002337217330932617
0.002414226531982422
0.0022192001342773438
0.004048824310302734
0.0023849010467529297
0.0024492740631103516
0.0024230480194091797
0.002685546875
0.002475261688232422
0.0025544166564941406
0.002574443817138672
0.0022339820861816406
0.0023431777954101562
0.002275228500366211
0.002234935760498047
0.002405881881713867
0.002223491668701172
0.002545595169067383
0.002376556396484375
0.0023272037506103516
0.0023233890533447266
0.0023195743560791016
0.002454519271850586
0.0022754669189453125
0.0023529529571533203
0.0023088455200195312
0.0023851394653320312
0.002435922622680664
0.0022313594818115234
0.0024421215057373047
0.0023784637451171875
0.002367734909057617
0.0023260116577148438
0.002299070358276367
0.0023870468139648438
0.0022542476654052734
0.0021851062774658203
0.0033745765686035156
0.0030972957611083984
0.003165006637573242
0.0025823116302490234
0.0025365352630615234
0.0024476051330566406
0.0024721622467041016
0.0024406909942626953
0.002404451370239258
0.0026602745056152344
0.002246856689453125
0.002434253692626953
0.002335786819458008
0.002375364303588867
0.0023734569549560547
0.0022933483123779297
0.002319812774658203
0.0022764205932617188
0.0023221969604492188
0.002279996871948242
0.002369403839111328
0.0023331642150878906
0.0023407936096191406
0.002442598342895508
0.002354145050048828
0.0025348663330078125
0.002338409423828125
0.002455472946166992
0.002464771270751953
0.0022547245025634766
0.0022728443145751953
0.0023758411407470703
0.002310037612915039
0.0023415088653564453
0.0023734569549560547
0.002381563186645508
0.0022115707397460938
0.0022492408752441406
0.0024483203887939453
0.0022897720336914062
0.0023314952850341797
0.0022954940795898438
0.002324342727661133
0.002222776412963867
0.0023317337036132812
0.0024318695068359375
0.0023844242095947266
0.0023496150970458984
0.0024170875549316406
0.0023505687713623047
0.002378225326538086
0.0023355484008789062
0.002311229705810547
0.002385854721069336
0.0023267269134521484
0.002588510513305664
0.0025086402893066406
0.0023832321166992188
0.0022966861724853516
0.0023488998413085938
0.0023505687713623047
0.0022215843200683594
0.0023059844970703125
0.002256631851196289
0.002353191375732422
0.0023806095123291016
0.002208709716796875
0.0022389888763427734
0.002153635025024414
0.0023653507232666016
0.002236604690551758
0.0022644996643066406
0.002254009246826172
0.002222776412963867
0.002305269241333008
0.0021419525146484375
0.0023097991943359375
0.002340078353881836
0.0022356510162353516
0.002651691436767578
0.002236604690551758
0.0024292469024658203
0.0023300647735595703
0.0021538734436035156
0.002230405807495117
0.002429962158203125
0.002468585968017578
0.0022509098052978516
0.0023560523986816406
0.0023097991943359375
0.002298593521118164
0.0022847652435302734
0.0023126602172851562
0.0023360252380371094
0.0021796226501464844
0.0022585391998291016
0.0022916793823242188
0.0023839473724365234
0.0024976730346679688
0.002210855484008789
0.002305746078491211
0.002317190170288086
0.0023398399353027344
0.002321481704711914
0.0023686885833740234
0.0026903152465820312
0.0022742748260498047
0.002315521240234375
0.0023517608642578125
0.002377748489379883
0.0023233890533447266
0.0023381710052490234
0.002299070358276367
0.0022885799407958984
0.002367258071899414
0.002393484115600586
0.002325773239135742
0.0022742748260498047
0.002294301986694336
0.002309560775756836
0.002462148666381836
0.0023734569549560547
0.0023856163024902344
0.002398967742919922
0.0023651123046875
0.002286195755004883
0.002249002456665039
0.002320528030395508
0.0022139549255371094
0.0025184154510498047
0.0022618770599365234
0.002323627471923828
0.002407550811767578
0.0025796890258789062
0.0025284290313720703
0.0023436546325683594
0.0024802684783935547
0.002250194549560547
0.002705812454223633
0.0027616024017333984
0.002593994140625
0.0023076534271240234
0.0026047229766845703
0.0024406909942626953
0.002493619918823242
0.002554178237915039
0.002373218536376953
0.002494335174560547
0.0027985572814941406
0.0022933483123779297
0.00222015380859375
0.0023910999298095703
0.002435922622680664
0.002463817596435547
0.002404451370239258
0.002567291259765625
0.0025272369384765625
0.0026483535766601562
0.0033953189849853516
0.0037200450897216797
0.00400233268737793
0.0029544830322265625
0.0027303695678710938
0.002527475357055664
0.0024492740631103516
0.002197742462158203
0.0025482177734375
0.0023326873779296875
0.002375364303588867
0.0023665428161621094
0.0024788379669189453
0.0023431777954101562
0.0022597312927246094
0.0024383068084716797
0.0023453235626220703
0.002331256866455078
0.0024394989013671875
0.0022873878479003906
0.0023856163024902344
0.002382516860961914
0.002418041229248047
0.0023813247680664062
0.0023202896118164062
0.002440929412841797
0.002353668212890625
0.0023376941680908203
0.0037059783935546875
0.002354145050048828
0.0027551651000976562
0.002666473388671875
0.002786874771118164
0.0024797916412353516
0.002665996551513672
0.002707958221435547
0.002523660659790039
0.0024962425231933594
0.0023691654205322266
0.002371549606323242
0.002473115921020508
0.002445697784423828
0.0024995803833007812
0.002408266067504883
0.0023446083068847656
0.002705812454223633
0.002361774444580078
0.0024979114532470703
0.002634286880493164
0.0023508071899414062
0.0023772716522216797
0.002350330352783203
0.0024406909942626953
0.0025098323822021484
0.002257823944091797
0.002440929412841797
0.00225067138671875
0.0023221969604492188
0.0022776126861572266
0.0023794174194335938
0.0023543834686279297
0.0023484230041503906
0.002424955368041992
0.002448558807373047
0.0022809505462646484
0.002205371856689453
0.0022590160369873047
0.002275228500366211
0.0023326873779296875
0.0023446083068847656
0.002269268035888672
0.0024056434631347656
0.002481222152709961
0.002323150634765625
0.002383708953857422
0.0022170543670654297
0.0022873878479003906
0.0023910999298095703
0.0022118091583251953
0.0022814273834228516
0.0022735595703125
0.002286672592163086
0.0022292137145996094
0.0023407936096191406
0.002451181411743164
0.002293825149536133
0.0024099349975585938
0.0023784637451171875
0.0022988319396972656
0.0023169517517089844
0.0023047924041748047
0.0024919509887695312
0.0023071765899658203
0.002438783645629883
0.002465963363647461
0.0022537708282470703
0.002331972122192383
0.0021746158599853516
0.0023572444915771484
0.002394437789916992
0.002475261688232422
0.0022745132446289062
0.0022249221801757812
0.002295970916748047
0.0023937225341796875
0.0025212764739990234
0.002355813980102539
0.002234935760498047
0.0023822784423828125
0.002321481704711914
0.0022482872009277344
0.0023050308227539062
0.002356290817260742
0.002282857894897461
0.0023965835571289062
0.0026557445526123047
0.0025391578674316406
0.002271890640258789
0.0026137828826904297
0.0024292469024658203
0.002418994903564453
0.002492189407348633
0.0023021697998046875
0.0025374889373779297
0.002417325973510742
0.0023369789123535156
0.002518177032470703
0.002218484878540039
0.002467632293701172
0.0023033618927001953
0.0024025440216064453
0.0024678707122802734
0.0022940635681152344
0.002401113510131836
0.002245664596557617
0.002355337142944336
0.0022478103637695312
0.0023069381713867188
0.0023314952850341797
0.002371549606323242
0.0023107528686523438
0.0026047229766845703
0.0023698806762695312
0.0025146007537841797
0.0024192333221435547
0.0026242733001708984
0.002585172653198242
0.002338886260986328
0.0024716854095458984
0.00234222412109375
0.002463102340698242
0.0026552677154541016
0.002317667007446289
0.002431154251098633
0.002398252487182617
0.002356290817260742
0.002447843551635742
0.00234222412109375
0.0023910999298095703
0.002153158187866211
0.002263307571411133
0.002192258834838867
0.002203702926635742
0.002441883087158203
0.002313375473022461
0.002324342727661133
0.0022406578063964844
0.0023529529571533203
0.0024666786193847656
0.0023021697998046875
0.0024690628051757812
0.002341032028198242
0.0023648738861083984
0.0024995803833007812
0.0021064281463623047
0.0023653507232666016
0.0022521018981933594
0.0022666454315185547
0.0023102760314941406
0.0024297237396240234
0.0022461414337158203
0.002263307571411133
0.0024793148040771484
0.0022056102752685547
0.0022635459899902344
0.002323627471923828
0.002341032028198242
0.0022580623626708984
0.0022499561309814453
0.002374887466430664
0.002323627471923828
0.002244710922241211
0.0024373531341552734
0.0023734569549560547
0.0022232532501220703
0.0022668838500976562
0.0022902488708496094
0.0023088455200195312
0.002324819564819336
0.002363443374633789
0.0022368431091308594
0.002381563186645508
0.002351522445678711
0.002405405044555664
0.0026738643646240234
0.002354860305786133
0.002424955368041992
0.002360105514526367
0.0023245811462402344
0.0023832321166992188
0.002275705337524414
0.002487659454345703
0.002294301986694336
0.002332448959350586
0.0025136470794677734
0.0023245811462402344
0.0025589466094970703
0.002334117889404297
0.002382993698120117
0.0024077892303466797
0.0022735595703125
0.0022928714752197266
0.0022971630096435547
0.002363920211791992
0.002298116683959961
0.0023543834686279297
0.005877017974853516
0.0040395259857177734
0.0021865367889404297
0.002112865447998047
0.0024421215057373047
0.0024785995483398438
0.0024123191833496094
0.0024509429931640625
0.0022339820861816406
0.0022602081298828125
0.0029380321502685547
0.0022177696228027344
0.002431154251098633
0.0023059844970703125
0.0026640892028808594
0.002418994903564453
0.002185344696044922
0.002252340316772461
0.002333402633666992
0.002182483673095703
0.006262302398681641
0.002302885055541992
0.002477407455444336
0.002323150634765625
0.002235889434814453
0.0022962093353271484
0.002239704132080078
0.002226591110229492
0.0022199153900146484
0.0022459030151367188
0.002916097640991211
0.0022406578063964844
0.0022394657135009766
0.0021970272064208984
0.0024499893188476562
0.0021584033966064453
0.002192974090576172
0.0021457672119140625
0.0021255016326904297
0.0023140907287597656
0.0021715164184570312
0.0022454261779785156
0.0020952224731445312
0.0021996498107910156
0.002147674560546875
0.0023605823516845703
0.002228975296020508
0.0022530555725097656
0.002229928970336914
0.002196073532104492
0.0021877288818359375
0.0021333694458007812
0.002208709716796875
0.0021767616271972656
0.002154111862182617
0.002111673355102539
0.0024106502532958984
0.0022110939025878906
0.0021026134490966797
0.002181529998779297
0.002165079116821289
0.0023038387298583984
0.0021696090698242188
0.002194643020629883
0.002197265625
0.0023250579833984375
0.0021965503692626953
0.0022058486938476562
0.0021648406982421875
0.002113819122314453
0.0021393299102783203
0.002177715301513672
0.0024726390838623047
0.0020995140075683594
0.0023543834686279297
0.002265453338623047
0.002189159393310547
0.0022449493408203125
0.002268075942993164
0.0022912025451660156
0.0021822452545166016
0.0020990371704101562
0.0021398067474365234
0.0023775100708007812
0.002282857894897461
0.002249002456665039
0.0022902488708496094
0.0024340152740478516
0.002378225326538086
0.0021209716796875
0.002256631851196289
0.0022020339965820312
0.0022230148315429688
0.0022950172424316406
0.0021512508392333984
0.0021774768829345703
0.0021250247955322266
0.0023212432861328125
0.0021572113037109375
0.002205371856689453
0.0022110939025878906
0.0021948814392089844
0.0022552013397216797
0.002167940139770508
0.0022220611572265625
0.0021271705627441406
0.002104520797729492
0.002015352249145508
0.002170562744140625
0.002208709716796875
0.002281665802001953
0.0025260448455810547
0.0022475719451904297
0.00472569465637207
0.003310680389404297
0.0037124156951904297
0.002581357955932617
0.0026030540466308594
0.0025081634521484375
0.0024831295013427734
0.0021686553955078125
0.005074024200439453
0.005730628967285156
0.0031642913818359375
0.003040313720703125
0.002564668655395508
0.003026723861694336
0.0024662017822265625
0.0019922256469726562
0.0024385452270507812
0.0032231807708740234
0.013399362564086914
0.0027201175689697266
0.002480030059814453
0.014039754867553711
0.004407167434692383
0.006979703903198242
0.0026824474334716797
0.002924680709838867
0.0029015541076660156
0.0027399063110351562
0.0024576187133789062
0.0023233890533447266
0.003536224365234375
0.002979755401611328
0.002299070358276367
0.0021491050720214844
0.002100229263305664
0.0021190643310546875
0.002137422561645508
0.002202749252319336
0.002201557159423828
0.0024313926696777344
0.002701282501220703
0.002689361572265625
0.0026624202728271484
0.0024156570434570312
0.002557992935180664
0.0023512840270996094
0.0024938583374023438
0.0026776790618896484
0.007302761077880859
0.0040090084075927734
0.0026111602783203125
0.002216339111328125
0.0022895336151123047
0.002426624298095703
0.0032508373260498047
0.005105257034301758
0.0047876834869384766
0.003283262252807617
0.0023484230041503906
0.0022492408752441406
0.002225637435913086
0.0022368431091308594
0.0027709007263183594
0.0028204917907714844
0.0024862289428710938
0.0025179386138916016
0.0029556751251220703
0.002361774444580078
0.0025217533111572266
0.0027294158935546875
0.005032777786254883
0.0031702518463134766
0.003851652145385742
0.0023894309997558594
0.0022430419921875
0.0023813247680664062
0.003288745880126953
0.0025339126586914062
0.0023660659790039062
0.002157449722290039
0.0026319026947021484
0.002357959747314453
0.0025243759155273438
0.0024640560150146484
0.0023033618927001953
0.00307464599609375
0.00503087043762207
0.002664804458618164
0.002205371856689453
0.0021789073944091797
0.002185344696044922
0.002169370651245117
0.0024127960205078125
0.0021326541900634766
0.002643585205078125
0.0029821395874023438
0.00543665885925293
0.006463527679443359
0.008659601211547852
0.004726886749267578
0.004075527191162109
0.005005598068237305
0.00480961799621582
0.0072650909423828125
0.004954338073730469
0.004113197326660156
0.0034999847412109375
0.0028302669525146484
0.0025238990783691406
0.002239704132080078
0.002419710159301758
0.0025746822357177734
0.002104043960571289
0.002329111099243164
0.0020012855529785156
0.003202199935913086
0.0027196407318115234
0.003242015838623047
0.007674694061279297
0.004334211349487305
0.009171009063720703
0.003597736358642578
0.002340078353881836
0.0024514198303222656
0.002336263656616211
0.0024247169494628906
0.002367734909057617
0.0021131038665771484
0.0027942657470703125
0.007605314254760742
0.0029685497283935547
0.003858327865600586
0.0042531490325927734
0.0031690597534179688
0.0025992393493652344
0.0023157596588134766
0.0021865367889404297
0.002407550811767578
0.0044803619384765625
0.0054912567138671875
0.002862691879272461
0.0028176307678222656
0.002434968948364258
0.002990245819091797
0.0028281211853027344
0.0025222301483154297
0.0026035308837890625
0.002676725387573242
0.002376556396484375
0.0028581619262695312
0.0030105113983154297
0.002927541732788086
0.006025075912475586
0.003101825714111328
0.002605915069580078
0.0027458667755126953
0.0032367706298828125
0.0025796890258789062
0.0024640560150146484
0.003038167953491211
0.002858400344848633
0.0023040771484375
0.0023157596588134766
0.002035379409790039
0.0026040077209472656
0.0027289390563964844
0.0022592544555664062
0.0024442672729492188
0.0023522377014160156
0.006218910217285156
0.0033953189849853516
0.0024003982543945312
0.0022411346435546875
0.0022466182708740234
0.002774953842163086
0.0025947093963623047
0.0026733875274658203
0.010056257247924805
0.00496220588684082
0.003311634063720703
0.0051937103271484375
0.0033407211303710938
0.0031347274780273438
0.0028705596923828125
0.0028645992279052734
0.0031561851501464844
0.002867460250854492
0.002231597900390625
0.0021567344665527344
0.0023508071899414062
0.002108335494995117
0.0022552013397216797
0.002254962921142578
0.002255678176879883
0.002244710922241211
0.0023081302642822266
0.003020048141479492
0.003599882125854492
0.002328634262084961
0.0021474361419677734
0.0020782947540283203
0.0022068023681640625
0.002050638198852539
0.002117633819580078
0.002216339111328125
0.002272367477416992
0.0021615028381347656
0.002646923065185547
0.002347707748413086
0.0022792816162109375
0.002192258834838867
0.002043485641479492
0.002266407012939453
0.002246379852294922
0.0021736621856689453
0.0022220611572265625
0.0036411285400390625
0.005508899688720703
0.0046596527099609375
0.00697636604309082
0.0032880306243896484
0.003650188446044922
0.004057884216308594
0.0023148059844970703
0.002271890640258789
0.002622365951538086
0.002258777618408203
0.002164125442504883
0.0023522377014160156
0.0023758411407470703
0.002142190933227539
0.002503633499145508
0.0022003650665283203
0.0028018951416015625
0.003510713577270508
0.002490520477294922
0.0022039413452148438
0.0025413036346435547
0.002294778823852539
0.00247955322265625
0.0023925304412841797
0.0021910667419433594
0.0024042129516601562
0.002097606658935547
